SELECT 
o.user_id
,o.pay_price
,FROM_UNIXTIME(o.pay_time) 支付时间
,o.order_number
,(case u.attend_class when 1 then '幼儿园小班' when 2 then '幼儿园中班' when 3 then '幼儿园大班' when 4 then '小学一年级' when 5 then '小学二年级' when 6 then '小学三年级' end ) 年级
,cc.`name` 课程等级
,au.`name` 负责CC
,o.order_name  购买课程套餐名称
,o.base_class 正课课时数
,o.give_class 赠送课时数
,us.`name` 渠道名称
,case o.`status` when 1 then '已支付' when 3 then '退款' end 支付状态
from ol_order o
LEFT JOIN ol_user u on u.id=o.user_id
LEFT JOIN ol_admin_user au on au.id=o.counselor_id
LEFT JOIN ol_user_source us on us.id=o.source
LEFT JOIN ol_live_student ls on ls.student_id =o.user_id
LEFT JOIN ol_live l on l.id=ls.live_id
LEFT JOIN ol_course_category cc on l.cate_sid=cc.id

where o.`status` in (1,3)  and o.package_course_type=1
and o.pay_time BETWEEN UNIX_TIMESTAMP('2019-03-01') and UNIX_TIMESTAMP('2019-04-01')
and

 o.user_id in (21030681,
21052296,
20989893,
21060810,
21062027,
21043878,
20988342,
21019024,
21057146,
21059344,
21018648,
21054601,
21054895,
21016637,
21040494,
21061056,
21057127,
21060747,
21048150,
21054740,
21056773,
20965582,
21058005,
21037376,
21057474,
21060778,
21017999,
21039025,
20993761,
21049977,
21057396,
21059045,
20921405,
21058729,
21054290,
21052746,
21063682,
21051259,
21063020,
21045628,
21060884,
21031095,
21057979,
21060366,
21050493,
21060408,
21044694,
21061767,
21048457,
21059950,
21001308,
21063817,
21057266,
21060858,
21054163,
21058638,
21057767,
21061425,
21009147,
21052062,
21008156,
21053143,
21063154,
21055837,
21061418,
21054594,
21056628,
21061861,
21051668,
21053697,
21055013,
21063058,
21000382,
21009769,
20998572,
21062152,
21061672,
21061620,
21062039,
20971794,
21061551,
21065434,
21060438,
21016791,
21061573,
21048042,
21060498,
21010874,
21061933,
21058663,
21062777,
21059611,
21063046,
21058916,
21053388,
21065452,
21056248,
21042377,
21062030,
20963657,
21056779,
21062143,
21064645,
21057607,
21057868,
21052134,
21061695,
21033746,
21058584,
21030546,
21063603,
21062121,
21063722,
21062158,
21063616,
21029327,
21061088,
21060955,
21062768,
21053823,
21053928,
21005716,
21065425,
21043798,
21045397,
21054621,
21058756,
21059376,
21027572,
21058631,
21062756,
21057299,
21020442,
21026039,
20917710,
21064873,
21013855,
21035892,
21060767,
21058399,
21062840,
21065494,
21066118,
21001101,
21056889,
20973255,
21001679,
21061648,
21061537,
21053980,
21053592,
21058569,
21054683,
21065281,
21014107,
21060287,
21060492,
21058887,
21058495,
21054560,
21063763,
21035561,
21061926,
21046039,
21053555,
21056765,
21056539,
21060695,
21039556,
21061744,
21020459,
21001976,
21058570,
21060445,
20999438,
21066256,
21056476,
21063531,
21067271,
21045878,
21059190,
21054599,
21060422,
21064381,
21064530,
21063782,
21062520,
21062542,
21066034,
20965207,
21030732,
21057738,
21060850,
21021237,
21062113,
21022268,
21062730,
21062098,
21021173,
21044893,
21065001,
21033313,
21031991,
21068736,
21057320,
20956205,
21064537,
21065006,
20981562,
21056769,
21062505,
21028251,
21065559,
21064869,
21037613,
21069141,
21021199,
21064769,
21067299,
21058837,
21062901,
21063015,
21070150,
21052225,
21052666,
21065834,
21063229,
21059593,
21066316,
21054493,
21011766,
20991208,
20991197,
21066274,
21057701,
21058037,
21038915,
21065493,
21068828,
21044902,
20993762,
21063751,
21066436,
21051531,
20990466,
21061879,
21065588,
21067952,
21062646,
21064572,
21063674,
21044835,
21058095,
21065504,
21064781,
21063242,
21063354,
21069159,
20994289,
21053060,
21036533,
21065920,
21066349,
21042957,
21065235,
21042367,
20976331,
20965668,
21054803,
21046071,
21033667,
21065162,
21055880,
21060936,
21068616,
21067821,
21040732,
20995631,
21066317,
21068749,
21065823,
21062893,
21058750,
21033238,
21030843,
21056786,
21013652,
21059979,
21061888,
21065221,
21065431,
21063652,
21024879,
21064363,
21064988,
21066338,
21037594,
21068629,
20996571,
21066364,
20979883,
21065172,
21053598,
21063483,
21067024,
21039688,
21069173,
21001956,
21063593,
21028345,
21064666,
20963917,
21041418,
21000315,
21065857,
21065404,
21070303,
21035449,
21070149,
21066355,
21065836,
21062540,
20999641,
21038816,
21021198,
21056782,
21053986,
21063745,
21051596,
21062981,
21050921,
21060539,
21063536,
21066264,
21067229,
21071961,
21073235,
21067594,
21062513,
21062681,
21056706,
21068343,
21055211,
21064574,
21070543,
21016316,
21038149,
21062680,
21017181,
21073710,
21066640,
21035625,
21057374,
21054180,
21070746,
21068571,
21062911,
21072661,
21070142,
21071388,
21066001,
21065426,
21032042,
20999746,
21069058,
21074178,
21068526,
21071016,
21064312,
21065340,
21068485,
21063770,
21070189,
21036922,
21048193,
21020120,
21032212,
21065353,
21065511,
20992651,
21073179,
21053385,
21063490,
21060795,
21067248,
21043183,
21066061,
20989481,
21034892,
21062782,
21074910,
21040644,
20998663,
21027250,
21066062,
21067680,
21012758,
21064420,
21052197,
20921317,
21071970,
21042156,
21068646,
21053350,
21068007,
20915096,
21047414,
21039806,
21068641,
21059108,
21056693,
21074380,
21061678,
21015168,
21002420,
21036877,
21027149,
21053998,
21025539,
21056749,
21069032,
21070547,
21063136,
21065985,
21045178,
21075417,
21063194,
21068614,
21065099,
21072958,
20974531,
21066292,
21030994,
21075713,
21065141,
21071492,
21075756,
21065251,
21072013,
21069223,
21073189,
21066476,
21068929,
21067330,
21072795,
21014221,
21051626,
21068487,
21021840,
21056654,
21067815,
21067727,
21071390,
20974058,
21071998,
21075915,
21068575,
21070735,
20983147,
21070432,
21054141,
21053825,
21071337,
21065955,
20954102,
21066297,
21050120,
21070570,
21071233,
21068672,
21062759,
21075966,
21064410,
21060838,
21062496,
20983041,
21033745,
21068227,
21089273,
21047599,
21060784,
21056787,
21066993,
21070123,
21057608,
21074376,
21048686,
21076000,
21053393,
21045882,
21066535,
21063762,
20972080,
21072005,
21068718,
20991797,
21072663,
21069328,
21068048,
21073154,
20962876,
21070662,
20916789,
21072179,
21068735,
21064629,
21065175,
21064256,
21000882,
21057149,
21067962,
21070341,
21072511,
21076029,
21073130,
20975096,
20994724,
21060630,
21003710,
21061546,
21048508,
21076034,
21067616,
21057888,
21072785,
21065290,
20997824,
21069267,
21071587,
21065939,
21074373,
21065717,
21070709,
21068592,
20995092,
20952324,
21074370,
21076045,
21069742,
20991892,
21064047,
21050115,
21071225,
21069041,
21070602,
21073388,
21065508,
21055691,
21073571,
21072336,
21076072,
21059604,
21068926,
21075718,
21072893,
21064354,
20995178,
20961442,
21076247,
21072984,
21068817,
20970560,
21073641,
21072414,
21061731,
21024274,
21070170,
21026837,
21066971,
21069880,
21065656,
21058778,
21065451,
21056206,
21074310,
21069070,
21075905,
21067569,
21070191,
21071988,
21073279,
21076490,
20910132,
21070864,
21072832,
20944278,
21069085,
21077453,
21027637,
21021944,
21074162,
21053909,
21003303,
21072646,
20995253,
21004679,
21072488,
21077053,
21069738,
21051651,
20988742,
21077526,
21078093,
20989846,
21055218,
21046087,
21076267,
21076106,
21066487,
21077455,
21070929,
21058412,
21072783,
21076137,
21076022,
21073918,
21071690,
21075924,
20995822,
21013635,
21076154,
21070147,
21076296,
21077067,
21076157,
21074132,
21075411,
21026309,
21068762,
21069203,
21067846,
21072982,
21053054,
21070343,
21075766,
21074342,
21075321,
21074524,
21078133,
21051155,
21065801,
21071147,
21073191,
21017915,
21069697,
21078916,
21078689,
21030575,
21072432,
21076392,
21076465,
21052034,
21074429,
20916255,
21078926,
21077077,
20992711,
21077003,
21064571,
21068767,
21075493,
21066649,
21072681,
21058770,
21082269,
21020488,
21039266,
21078861,
21073615,
21072750,
21070276,
21046641,
21068807,
21076489,
21053885,
21027166,
21061942,
21065007,
21075055,
21012636,
21082812,
21072741,
21057250,
21058650,
21072445,
21072869,
21057189,
21077484,
21070531,
21076802,
21076462,
21079537,
21070171,
21063774,
21075872,
21068523,
21046091,
21083085,
21079934,
21024934,
21072618,
21076013,
21077923,
21076500,
21027015,
20968253,
21064569,
21059591,
21067023,
21065805,
21078180,
21080405,
21016322,
21075907,
21008361,
21076501,
21033716,
21076749,
21070849,
21080116,
21062078,
21078598,
21067555,
21064478,
21073186,
21078960,
21069130,
21052033,
21050128,
21086100,
21072931,
21079044,
21076389,
21075475,
21025257,
21062498,
21052798,
21063184,
21065116,
21080560,
20974643,
21075523,
21076505,
21059497,
21070094,
21055206,
21072641,
21080701,
21051594,
21018250,
21075081,
20956036,
21077264,
21076703,
21082607,
21061534,
21072333,
21077401,
21064810,
21083067,
21084014,
20985761,
21080106,
21013612,
21078433,
21086516,
21076407,
21068877,
21065523,
21082967,
20977720,
20986444,
21073501,
21032913,
21069839,
21053408,
21054523,
21077510,
21058190,
21072620,
21021476,
21087010,
21038510,
21067706,
21088282,
20989469,
21012549,
21077022,
21080468,
21088771,
21080609,
21067876,
20982139,
21080436,
21048782,
21083017,
21078930,
21051559,
21085404,
21085552,
21022831,
21080771,
21082982,
21084229,
21074447,
21071210,
20965638,
21085390,
21077113,
21082811,
21084370,
21089524,
21053343,
21086552,
21066648,
21076241,
21088133,
21079655,
21084146,
21077859,
21076410,
21072619,
21078365,
21076043,
21078197,
21075890,
21079965,
21076363,
21060626,
21083078,
21080785,
21000399,
21060670,
21085543,
21074379,
21033251,
21076753,
20979514,
21054018,
21059121,
21083912,
21049506,
21062137,
21056225,
21078020,
21009708,
21018188,
21076970,
20995146,
21071898,
21074558,
20993052,
21036900,
21061610,
21035374,
21073623,
21077979,
21080576,
21065570,
20968677,
21073284,
21086555,
21082680,
21091086,
21069640,
21077424,
21077965,
21037670,
21077422,
21065915,
21076346,
21075262,
21074381,
21086653,
21052756,
21059689,
21086888,
21077928,
21088743,
21077865,
20990072,
21080840,
21061880,
21080031,
21085921,
21090299,
21083924,
21054940,
21089551,
21089710,
21078563,
21077820,
21085782,
21050153,
20966044,
21062746,
21078619,
21092393,
21072082,
21056992,
21053307,
21069575,
21074170,
21056776,
21088196,
21059392,
21076663,
21046093,
21069156,
21068209,
20989127,
21014631,
21083998,
21075734,
21070214,
21043186,
21078348,
21067899,
21089828,
21085610,
21085554,
21083020,
21071835,
21088374,
21082502,
21082339,
21088884,
21044850,
21076435,
21052499,
21078824,
21086389,
21093998,
21078000,
21071546,
21078387,
21085481,
21062900,
21081047,
21020507,
21083083,
21034721,
21080640,
21095334,
21075822,
21083977,
21082313,
21024125,
21080652,
21101534,
21078321,
21037405,
21065484,
21053991,
21060347,
21075562,
21055204,
21085387,
21044017,
21088325,
21088221,
21077595,
21075988,
21093303,
21079857,
21077485,
21064238,
21074441,
20955043,
21074614,
21073177,
21076163,
21075138,
21063247,
21049566,
21090691,
21074661,
20956457,
21072936,
21087363,
21024803,
20916967,
21076603,
21059850,
21082396,
21067468,
21078229,
21078833,
21078761,
21095427,
21085751,
21090109,
21077893,
21083929,
21090314,
21016124,
21078883,
21065196,
21074607,
20963784,
21089823,
21044419,
21090823,
21084286,
21067692,
21008075,
21089599,
21079538,
21077014,
20961713,
21041883,
21085994,
21083061,
21078583,
21071534,
21085753,
21078876,
21092310,
21070620,
21079002,
21071208,
21085770,
21068931,
21089836,
21082331,
21071884,
21068615,
21088734,
21086529,
21090668,
21076024,
20977513,
21074557,
21056437,
21092449,
21088600,
21073924,
21092396,
21049919,
21093255,
21089443,
21074372,
21039113,
21079664,
21065052,
21093184,
21092844,
21092422,
21091460,
21075078,
21092372,
21034631,
20969571,
21069244,
21080386,
21089569,
21057161,
21076059,
21076431,
21060706,
20918127,
21072167,
21093163,
20987235,
21090256,
21036688,
21084586,
21081426,
21083439,
21079404,
21079320,
21083901,
21081828,
21081051,
21077858,
21083758,
21096042,
21082458,
21087425,
21089103,
21081623,
21086239,
21078051,
21084451,
21084499,
21084517,
21081611,
21084506,
21083832,
21082956,
21087523,
21083419,
21092004,
21081652,
21098262,
21097106,
21081358,
21084587,
20963243,
21081158,
21084953,
21084955,
21034129,
21078117,
21079286,
20955047,
21091547,
21083727,
21081985,
21079106,
21099031,
21002552,
21080164,
21083100,
21079125,
21023486,
21081528,
21081219,
21091432,
21085103,
21081599,
21080988,
21081905,
21086159,
21084773,
21087869,
21084789,
21065310,
21081786,
21081378,
21089153,
21087815,
21079357,
21089040,
21081373,
21084450,
21085172,
21086162,
21091633,
21083865,
21081940,
21091728,
21083723,
21082008,
21089057,
21089659,
21096072,
20980389,
21087568,
21083503,
21078064,
21087892,
21083177,
21088060,
21081536,
21084828,
21081272,
21081873,
21082959,
21096746,
21094342,
21089171,
21083132,
21087897,
21083308,
21084457,
21081900,
21084621,
21087994,
21087423,
21085083,
21086174,
21081959,
21099033,
21081133,
21084392,
21096056,
21081398,
21089100,
21080178,
21081937,
21098305,
21087574,
21084813,
21081758,
21079468,
21086510,
21096047,
21085291,
21081765,
21087583,
21081832,
21079206,
21095415,
21081496,
21087650,
21080195,
21085182,
21084742,
21083197,
21079321,
21081737,
21083508,
21092076,
21087676,
21083382,
21083745,
21081071,
21089586,
21093538,
21085062,
21079333,
21091498,
21085343,
20964084,
21080248,
21096649,
21085152,
21079405,
21084837,
21083433,
21084585,
21087652,
21087432,
21091482,
21089037,
21083449,
21082176,
21082645,
21085109,
21083880,
21086220,
21081371,
21093570,
21085354,
21084844,
21084746,
21081618,
21093171,
21081314,
21079271,
21081408,
21079151,
21082636,
21083805,
21087942,
21084615,
21083393,
21087774,
21093503,
21081696,
21093427,
21084960,
21083890,
21081546,
21083665,
21098292,
21083206,
21085246,
21087654,
21094368,
21085331,
21081473,
21081221,
21086112,
21082095,
21082101,
21081697,
20999483,
21081698,
21087444,
21086999,
21093312,
21087576,
21087498,
21082149,
21081669,
21080218,
21082130,
21085104,
21085328,
21081693,
21091580,
21087734,
20973654,
21087626,
21084444,
21085168,
21087414,
21085236,
21091629,
21083102,
21092056,
21099035,
21081719,
21088017,
21087467,
21093336,
21086288,
21081115,
21084472,
21092095,
21055560,
21096777,
21081964,
21083033,
21081466,
21093482,
21080823,
21081626,
21083216,
21081402,
21091416,
20997214,
21053860,
21081034,
21088014,
21085260,
21081547,
21081861,
20970427,
21084521,
21084874,
21096054,
21091644,
21097117,
21081830,
21083814,
21093487,
21082045,
21083229,
21091578,
21079324,
21083240,
21088048,
21081345,
21085261,
21081973,
21086266,
21083175,
21088056,
21082102,
21087515,
21087324,
21085284,
21084701,
21083134,
21081573,
21085596,
21092018,
21083861,
21084573,
21099036,
21083168,
21081823,
21078041,
21079159,
21081954,
21089020,
21081503,
21083305,
21079182,
21098351,
21083899,
21079115,
20966018,
21080126,
21093239,
21075534,
21052072,
21044922,
21085971,
21091976,
21090047,
21091489,
21083287,
21084417,
21083765,
20966374,
21084563,
21092073,
21083702,
21083163,
21082499,
21091472,
21084541,
21086130,
21091360,
21087442,
21092043,
20961767,
21090797,
21057291,
21030817,
21091469,
21097512,
21096046,
21081064,
21083579,
21093568,
21083106,
21087945,
21093530,
21083759,
21079418,
21089156,
21091714,
21093162,
21085177,
21085093,
21083212,
21089655,
21081667,
21081534,
21093388,
21079101,
21088089,
21091187,
21081813,
21083812,
21084289,
21081054,
21083469,
21085288,
21091046,
21080974,
21092032,
21093071,
21080280,
21077398,
21085746,
21084868,
21087716,
21079315,
21088065,
21080821,
21083295,
21091587,
21049551,
21083917,
21083577,
21086605,
21093520,
21093368,
21093374,
21081502,
21083567,
21081880,
21086313,
21087801,
21083652,
21092497,
21082464,
21090939,
21096417,
21099807,
21084972,
21083590,
21091403,
21087560,
21083276,
21083364,
21091134,
21089695,
20954178,
21073006,
21098735,
21099816,
21087636,
21083147,
21081439,
21081982,
21083233,
21100142,
21085229,
21087953,
21081978,
21098276,
21079462,
21070908,
21100143,
21089014,
21078109,
21081479,
21089143,
21046859,
21087133,
21083008,
21072757,
21070590,
21096857,
20980841,
21065392,
21099126,
21084216,
21080797,
20992836,
21019134,
21085537,
21089673,
21085409,
21079018,
21099158,
21086845,
21079071,
21083452,
21091419,
21039819,
21086265,
21087963,
21081211,
21099859,
21042761,
21088841,
21092439,
21085766,
21086361,
21056186,
21086386,
20964806,
21079014,
21099554,
21073789,
21087250,
21056686,
21090178,
21075151,
21080098,
21077160,
21056284,
21080540,
21097558,
21097149,
21082876,
21054061,
21090485,
21017961,
20912610,
21099272,
21086903,
21078369,
21090739,
21031395,
21091167,
21068633,
21090302,
21090298,
21096875,
21051632,
20995038,
21086922,
21090180,
21042890,
21099723,
21099271,
21091032,
21089672,
21099112,
21100494,
21058627,
21062298,
21078762,
21087242,
21044170,
21102397,
21094037,
21095448,
21088111,
21091572,
21087840,
21091569,
21083249,
21079102,
21059953,
21072507,
21079494,
21084950,
21044256,
21090472,
21039782,
21094049,
21062875,
21096957,
21092353,
21101769,
21078332,
21099527,
21099096,
21100009,
20996955,
21100239,
21099220,
21069720,
21086001,
21075400,
21075687,
21080201,
21103183,
21091436,
21083150,
21085311,
21093435,
21083099,
21086200,
21086323,
21082145,
21084738,
21093365,
21084477,
21065083,
21092410,
21095500,
21074813,
21099893,
21100174,
21059167,
21097340,
21095833,
21078880,
21100083,
21100146,
21085529,
21097195,
21102094,
21101823,
21089334,
21102286,
21101248,
21076196,
21047040,
21098535,
21065838,
21092413,
21101245,
21088681,
21083835,
21102326,
21083210,
21099863,
21025782,
21105398,
21088054,
21087439,
21083116,
21101115,
21086173,
21103225,
21105714,
21098360,
21040985,
21074481,
21101242,
21073591,
21090876,
21034909,
21076390,
21035610,
21088186,
20957469,
21076778,
21099448,
21099203,
21018346,
21039255,
21041086,
21093529,
21077134,
21083984,
21088123,
21073159,
21092613,
20957052,
21100280,
21086581,
21101785,
21087017,
21095619,
21098781,
21032767,
21097447,
21051920,
21092600,
21068889,
21095466,
21080552,
21095618,
21083975,
21100525,
21100151,
21102587,
21076438,
21065846,
21080550,
21105205,
21105293,
21058539,
21091204,
21051250,
21100647,
21096808,
21095436,
21104720,
21090898,
21057285,
21075314,
21106501,
21106955,
21098873,
21083990,
21106197,
21083689,
21087828,
21083456,
21083771,
21083674,
21083126,
21080328,
21086221,
21065283,
21099788,
21100783,
20971831,
21066057,
21106951,
21103296,
21070661,
21100359,
21100417,
21003927,
21059117,
21092434,
21070704,
21063973,
21077778,
21106999,
21089485,
21100860,
21105775,
21092294,
21044287,
21103771,
21085634,
21107021,
20995819,
20963765,
21095829,
21103208,
21100109,
21096782,
21099049,
21102329,
21104795,
21025761,
21106229,
21101301,
21105542,
21084219,
21107026,
20987321,
21054618,
21061185,
21038910,
21107031,
21104731,
21071828,
21103678,
21098729,
21101635,
21017372,
21103880,
21104377,
21072638,
21097070,
21097094,
21102388,
21106980,
21076004,
21100884,
21102321,
21107079,
21101538,
21096367,
21083852,
21102190,
21107136,
21093508,
21083799,
21079252,
21086335,
21084836,
21096688,
21106432,
21081904,
21093321,
21093552,
21088091,
21105697,
21107137,
21081202,
21080566,
21093332,
21098287,
21087883,
21093398,
21085146,
21087673,
21107138,
21094357,
21091426,
21079434,
21084707,
21080123,
21083648,
21104664,
21083125,
21107139,
21091558,
21087741,
21102430,
21015643,
21084817,
21093519,
21085235,
21099717,
20976439,
21077897,
20989102,
21080500,
21107794,
21066273,
21057227,
21103405,
21065910,
21045425,
21065964,
21054047,
21086422,
20982492,
21094117,
21107996,
20953655,
21066302,
21108235,
20963766,
20982346,
21071968,
21101621,
21080393,
21086078,
21062092,
21070654,
21107712,
21020863,
21093254,
20932754,
21105990,
21080202,
21107501,
21104923,
21101782,
21102434,
21104791,
21100498,
21105015,
21105512,
21085917,
21072522,
21093066,
21105707,
21033133,
21067887,
21088745,
20933314,
21078239,
21105257,
21022244,
21061086,
21099585,
21063634,
21103057,
21087212,
21068477,
21104616,
20988063,
21100272,
21100658,
21097310,
21106047,
21098758,
21097155,
21055383,
21104536,
20956911,
21105335,
21083086,
21080440,
21107654,
21098752,
21088723,
21072665,
21109658,
21107012,
21108511,
21031463,
21109226,
21105845,
21097432,
21011832,
21107105,
21095418,
21098533,
21105351,
21104701,
21086474,
21077415,
21100277,
21104817,
21108868,
21103339,
21019525,
21106426,
21107387,
21084926,
21051660,
21105077,
21099107,
21075154,
21083087,
21022760,
21104074,
20951720,
21075131,
21086527,
21078282,
21080577,
21058116,
21109067,
21078632,
21096908,
21063830,
21109601,
21090862,
21101767,
21102348,
21057704,
21105693,
21109061,
21040960,
21109470,
21069755,
21105229,
21105303,
21102876,
21104903,
21085597,
21107685,
21097138,
21086273,
21109800,
21107719,
21094093,
21100691,
20963849,
21109735,
21111625,
20963866,
21078107,
21102046,
21065121,
21105962,
21107907,
21013671,
21098413,
21074105,
21047074,
21069303,
21088851,
21107739,
21036440,
21104930,
21061858,
21105446,
21109039,
21106096,
21076807,
21098732,
21038370,
20988893,
21071359,
21050491,
21095408,
21110398,
20951878,
21109649,
21099224,
21071632,
21106818,
21069727,
21090291,
21119082,
21089845,
21104865,
21016585,
21108813,
21077911,
21057719,
21061225,
21092344,
21090925,
21075111,
21107609,
21106918,
21104215,
21076774,
21109762,
21065204,
21112144,
21086580,
21105016,
21091306,
21107962,
21093241,
21090581,
21071816,
21111181,
21110203,
21106719,
21075568,
21107053,
21101193,
21109162,
21078176,
21103749,
21107219,
21075429,
21109727,
21053562,
21105588,
21108842,
21064501,
21080431,
21109092,
21111141,
21047348,
21108866,
21078164,
21109785,
21112201,
21090359,
21109255,
21020749,
21077511,
21109683,
21110482,
21109752,
21080504,
21073280,
21107116,
21112139,
21097978,
21091678,
21107774,
21096081,
21109796,
21103400,
21095599,
21104800,
21107918,
21058877,
21103290,
21111747,
21070530,
21091358,
21099878,
21087287,
20928476,
20990424,
21056152,
21113748,
21108657,
21110449,
21107590,
21057622,
21110979,
21108392,
21100595,
21110409,
21113780,
21110284,
21050333,
21100871,
21098399,
21107599,
21074347,
21089614,
21014390,
21080990,
21092436,
20934243,
21080999,
21106575,
21096944,
21110336,
21102323,
21068819,
21100497,
21110610,
21071232,
21003196,
21098254,
21107879,
21111782,
21109963,
21048038,
21111574,
21070623,
21110026,
21106869,
21100672,
21109004,
21112096,
21112340,
21074600,
21084283,
21067577,
21101175,
21105346,
21096916,
21111712,
21070251,
21111758,
21105251,
21099239,
21075524,
21045367,
21109728,
21109857,
21070689,
21086963,
21100694,
21105720,
21102947,
21109853,
21111664,
21038709,
21072649,
21071095,
21105064,
21100657,
21093501,
21093358,
21108447,
21097932,
21099352,
21107112,
21109019,
21049808,
21110271,
21106370,
21110481,
21097493,
21104250,
21044397,
20986522,
21109988,
21086097,
20985888,
21080111,
21080565,
21076039,
21100585,
21110222,
21107023,
21017361,
21071603,
21073628,
21108229,
21102210,
21110399,
21032090,
21111034,
21090600,
21027624,
21110444,
21104546,
21106130,
21097154,
21065460,
21061814,
21065689,
21104232,
21099209,
21095337,
21110662,
20994528,
21108013,
21086808,
21113202,
21109452,
21073545,
21023708,
21097972,
21110128,
21113998,
21112811,
21106416,
21111577,
21082283,
20994757,
21080495,
21089448,
21065574,
21058827,
21076027,
21113169,
21055556,
21098495,
21111926,
21077908,
21090272,
21112468,
21090260,
21072519,
21109688,
21029228,
21108353,
21062732,
21113958,
21049960,
21096852,
21107780,
21100310,
21111163,
21101397,
21028183,
21065509,
20915499,
21106601,
21092954,
21042232,
21090722,
21071823,
20994881,
21117017,
21074584,
21078423,
21112828,
20994890,
21065507,
21059423,
21055462,
21109094,
21035401,
21112157,
21110999,
21099502,
21093295,
21110363,
21016681,
21055565,
21100112,
20967870,
21062785,
21116631,
21086496,
21080476,
21069319,
20964365,
21111785,
21076150,
21097468,
21107017,
21104509,
21106983,
21106664,
21049559,
21111838,
21100297,
21085421,
21112208,
21086599,
21092836,
21114094,
21118038,
20990623,
21114388,
21100526,
21110582,
21030718,
21047660,
21084258,
21058892,
21034771,
20965856,
21118306,
21118327,
21054668,
21060424,
21110451,
21071487,
21116517,
21023885,
21037702,
21109462,
21105255,
21114008,
21055385,
21078764,
21044793,
21108493,
21113739,
21064915,
21089547,
21059955,
21008401,
21112725,
21071833,
21102229,
21092663,
21086887,
21109006,
21113904,
21110235,
21008708,
21113993,
21064636,
21114438,
21110423,
21097164,
21107610,
21099896,
21099037,
21084284,
21110223,
21111694,
21090759,
21117370,
21062099,
21102072,
20994473,
21099687,
21113038,
21016039,
21089832,
20939228,
21109148,
21099028,
21070553,
21107949,
21081033,
21062621,
21106723,
21118295,
21108468,
21077891,
21113067,
21109180,
21096818,
21098946,
21118942,
21034278,
21115457,
20974555,
21114830,
21117085,
21106991,
21117412,
20992252,
21113730,
21113906,
21078247,
21091286,
20953561,
21113540,
21118912,
21019661,
21112907,
21072615,
21113914,
21090370,
21104295,
21097676,
21102447,
21108152,
21078222,
21111974,
21085517,
21072429,
21100479,
21080038,
21113817,
21112680,
21112045,
21118999,
20986709,
21102396,
21111411,
21090054,
21113746,
21044255,
21047510,
21106225,
21107813,
21111550,
21119019,
21006876,
21105306,
20988704,
21095561,
21087135,
21112862,
21110001,
21054861,
21065130,
21099003,
21118586,
21105537,
21091171,
21076937,
21097908,
21103651,
21083959,
21099047,
21093138,
21105421,
21111204,
21109908,
21082576,
21060921,
21116486,
21017387,
21111196,
21115131,
21027568,
21103408,
21102931,
21110926,
21095638,
21105829,
21065448,
21114342,
21025657,
20969576,
21077316,
21113286,
20956808,
21108824,
21110497,
21083974,
21113571,
21119086,
21101551,
20953604,
21108016,
21054581,
21053495,
21093062,
21046860,
21092681,
21113990,
21104822,
21080461,
21112918,
21060996,
21088930,
21100207,
21105450,
21108899,
21097547,
21072628,
21084139,
21088902,
21051299,
21060531,
21119092,
21099699,
21051464,
20992854,
21098261,
21119091,
21062046,
21080610,
21108106,
21078907,
21114792,
21029370,
21108087,
21022636,
21108033,
21104831,
21077350,
21107020,
21112123,
21077061,
21115470,
21053036,
21079716,
21099160,
21029100,
21119100,
21092522,
21115024,
21119097,
21114033,
21074949,
21070048,
21066799,
21113564,
21106594,
20995773,
21105765,
20914731,
21113963,
21114238,
21012409,
21066644,
21110134,
21086586,
21115625,
21018302,
21116367,
21055453,
21093733,
21113754,
21063388,
21099779,
21114146,
21114056,
21108626,
21119131,
21071398,
21112858,
21112268,
21109048,
21032897,
21116024,
21112167,
21048052,
21116150,
21006886)

GROUP BY    4          
